category                                           Year        Month       Total_Sales                             Profit
-------------------------------------------------- ----------- ----------- --------------------------------------- ---------------------------------------
Beauty                                             2022        1           8015.00                                 6933.05
Beauty                                             2022        2           5770.00                                 4471.20
Beauty                                             2022        3           9625.00                                 8401.70
Beauty                                             2022        4           10900.00                                9188.25
Beauty                                             2022        5           11460.00                                9849.15
Beauty                                             2022        6           6460.00                                 5099.55
Beauty                                             2022        7           7155.00                                 5988.65
Beauty                                             2022        8           7005.00                                 6046.20
Beauty                                             2022        9           16275.00                                12151.10
Beauty                                             2022        10          24540.00                                17777.50
Beauty                                             2022        11          19755.00                                14936.65
Beauty                                             2022        12          24500.00                                17485.75
Beauty                                             2023        1           4890.00                                 4177.45
Beauty                                             2023        2           10405.00                                9089.85
Beauty                                             2023        3           6495.00                                 5285.00
Beauty                                             2023        4           5765.00                                 4922.05
Beauty                                             2023        5           7395.00                                 6084.30
Beauty                                             2023        6           11370.00                                9578.30
Beauty                                             2023        7           9570.00                                 8023.50
Beauty                                             2023        8           8400.00                                 6858.50
Beauty                                             2023        9           18420.00                                14777.80
Beauty                                             2023        10          21350.00                                15783.65
Beauty                                             2023        11          17175.00                                14141.35
Beauty                                             2023        12          14095.00                                11538.90
Clothing                                           2022        1           9000.00                                 7736.80
Clothing                                           2022        2           3625.00                                 3187.20
Clothing                                           2022        3           6085.00                                 5184.00
Clothing                                           2022        4           10375.00                                8388.80
Clothing                                           2022        5           5315.00                                 4455.35
Clothing                                           2022        6           8275.00                                 6841.75
Clothing                                           2022        7           5785.00                                 4712.05
Clothing                                           2022        8           9035.00                                 7723.75
Clothing                                           2022        9           23140.00                                18478.05
Clothing                                           2022        10          21895.00                                16254.60
Clothing                                           2022        11          24835.00                                19003.30
Clothing                                           2022        12          21415.00                                15850.25
Clothing                                           2023        1           11520.00                                9629.65
Clothing                                           2023        2           8350.00                                 6967.75
Clothing                                           2023        3           9880.00                                 8137.50
Clothing                                           2023        4           8770.00                                 7583.40
Clothing                                           2023        5           10715.00                                9100.25
Clothing                                           2023        6           9510.00                                 7935.55
Clothing                                           2023        7           8655.00                                 7181.60
Clothing                                           2023        8           11315.00                                9447.30
Clothing                                           2023        9           21860.00                                16415.90
Clothing                                           2023        10          14475.00                                10641.05
Clothing                                           2023        11          19845.00                                14681.45
Clothing                                           2023        12          26320.00                                20407.95
Electronics                                        2022        1           5620.00                                 4758.45
Electronics                                        2022        2           6715.00                                 5453.40
Electronics                                        2022        3           7745.00                                 6493.30
Electronics                                        2022        4           7260.00                                 5955.75
Electronics                                        2022        5           7705.00                                 6408.70
Electronics                                        2022        6           5965.00                                 5197.65
Electronics                                        2022        7           9255.00                                 7702.60
Electronics                                        2022        8           5035.00                                 4178.55
Electronics                                        2022        9           22205.00                                16530.00
Electronics                                        2022        10          21300.00                                15322.25
Electronics                                        2022        11          24325.00                                19179.30
Electronics                                        2022        12          25965.00                                20835.90
Electronics                                        2023        1           7380.00                                 6209.15
Electronics                                        2023        2           6415.00                                 5366.85
Electronics                                        2023        3           4155.00                                 3386.85
Electronics                                        2023        4           7390.00                                 6058.10
Electronics                                        2023        5           8900.00                                 7340.70
Electronics                                        2023        6           3675.00                                 2803.55
Electronics                                        2023        7           17700.00                                14956.60
Electronics                                        2023        8           8555.00                                 6716.80
Electronics                                        2023        9           27280.00                                20562.10
Electronics                                        2023        10          22055.00                                15615.85
Electronics                                        2023        11          20115.00                                15573.40
Electronics                                        2023        12          28730.00                                22161.75

(72 rows affected)

category                                           Year        Quarter     Total_Sales                             Profit
-------------------------------------------------- ----------- ----------- --------------------------------------- ---------------------------------------
Beauty                                             2022        1           23410.00                                19805.95
Beauty                                             2022        2           28820.00                                24136.95
Beauty                                             2022        3           30435.00                                24185.95
Beauty                                             2022        4           68795.00                                50199.90
Beauty                                             2023        1           21790.00                                18552.30
Beauty                                             2023        2           24530.00                                20584.65
Beauty                                             2023        3           36390.00                                29659.80
Beauty                                             2023        4           52620.00                                41463.90
Clothing                                           2022        1           18710.00                                16108.00
Clothing                                           2022        2           23965.00                                19685.90
Clothing                                           2022        3           37960.00                                30913.85
Clothing                                           2022        4           68145.00                                51108.15
Clothing                                           2023        1           29750.00                                24734.90
Clothing                                           2023        2           28995.00                                24619.20
Clothing                                           2023        3           41830.00                                33044.80
Clothing                                           2023        4           60640.00                                45730.45
Electronics                                        2022        1           20080.00                                16705.15
Electronics                                        2022        2           20930.00                                17562.10
Electronics                                        2022        3           36495.00                                28411.15
Electronics                                        2022        4           71590.00                                55337.45
Electronics                                        2023        1           17950.00                                14962.85
Electronics                                        2023        2           19965.00                                16202.35
Electronics                                        2023        3           53535.00                                42235.50
Electronics                                        2023        4           70900.00                                53351.00

(24 rows affected)

category                                           Year        Total_Sales                             Profit
-------------------------------------------------- ----------- --------------------------------------- ---------------------------------------
Beauty                                             2022        151460.00                               118328.75
Beauty                                             2023        135330.00                               110260.65
Clothing                                           2022        148780.00                               117815.90
Clothing                                           2023        161215.00                               128129.35
Electronics                                        2022        149095.00                               118015.85
Electronics                                        2023        162350.00                               126751.70

(6 rows affected)


Completion time: 2024-10-07T20:57:00.6338233+05:30
