Msg 2812, Level 16, State 62, Line 3
Could not find stored procedure 'sql'.
customer_id CLTV
----------- ---------------------------------------
3           38440.00
1           30750.00
5           30405.00
2           25295.00
4           23580.00
87          15855.00
54          13475.00
71          12790.00
55          12080.00
84          11730.00
76          11235.00
52          10325.00
86          10085.00
91          9965.00
61          9860.00
111         9845.00
82          9360.00
65          9320.00
75          9290.00
67          9225.00
83          9160.00
113         9085.00
90          8715.00
85          8590.00
110         8570.00
62          8565.00
56          8460.00
29          8455.00
99          8395.00
68          8005.00
112         7975.00
108         7685.00
109         7680.00
81          7570.00
98          7535.00
104         7520.00
72          7485.00
63          7480.00
130         7435.00
105         7345.00
60          7300.00
106         7180.00
80          7130.00
32          7115.00
70          7040.00
66          6915.00
30          6860.00
114         6820.00
64          6795.00
37          6740.00
101         6730.00
79          6650.00
50          6480.00
94          6430.00
59          6385.00
116         6070.00
57          6060.00
145         6045.00
93          6000.00
142         5960.00
48          5870.00
96          5800.00
11          5700.00
77          5635.00
73          5620.00
138         5595.00
115         5450.00
144         5435.00
119         5300.00
117         5200.00
28          5120.00
16          5095.00
92          4955.00
95          4815.00
51          4795.00
107         4720.00
21          4650.00
137         4510.00
140         4500.00
131         4435.00
134         4320.00
41          4190.00
34          4100.00
18          4090.00
102         4065.00
148         4055.00
74          4025.00
89          4010.00
14          3990.00
100         3875.00
46          3780.00
22          3755.00
97          3750.00
53          3695.00
24          3685.00
20          3625.00
141         3580.00
103         3470.00
42          3415.00
19          3390.00
49          3350.00
122         3310.00
45          3300.00
13          3285.00
135         3140.00
43          3050.00
36          2990.00
58          2985.00
121         2980.00
151         2950.00
120         2900.00
139         2895.00
9           2880.00
88          2790.00
15          2775.00
127         2740.00
47          2735.00
126         2710.00
38          2660.00
44          2645.00
26          2630.00
136         2490.00
10          2450.00
27          2450.00
40          2425.00
147         2395.00
133         2380.00
8           2330.00
146         2265.00
132         2265.00
35          2260.00
78          2235.00
153         2225.00
69          2215.00
39          2125.00
129         1910.00
125         1900.00
152         1830.00
155         1755.00
25          1705.00
7           1695.00
33          1655.00
12          1640.00
124         1625.00
6           1625.00
154         1605.00
143         1280.00
31          1235.00
128         1100.00
149         1090.00
23          845.00
150         675.00
118         640.00
17          620.00
123         200.00

(155 rows affected)


Completion time: 2024-10-07T20:51:34.9451476+05:30
