customer_id category                                           sale_year   sale_quarter sale_month  age_group total_sales                             rank_by_year         rank_by_quarter      rank_by_month        rank_by_category     rank_by_age_group
----------- -------------------------------------------------- ----------- ------------ ----------- --------- --------------------------------------- -------------------- -------------------- -------------------- -------------------- --------------------
5           Electronics                                        2023        3            7           18-24     2700.00                                 1                    1                    1                    1                    1
130         Beauty                                             2022        4            12          18-24     2600.00                                 1                    1                    1                    1                    2
3           Beauty                                             2023        4            11          35-44     2600.00                                 2                    1                    1                    1                    1
86          Clothing                                           2023        3            9           55-64     2600.00                                 2                    2                    1                    1                    1
2           Electronics                                        2023        3            8           55-64     2600.00                                 2                    2                    1                    2                    1
3           Clothing                                           2023        3            8           25-34     2400.00                                 5                    4                    2                    2                    1
72          Clothing                                           2022        2            6           45-54     2200.00                                 2                    1                    1                    3                    1
99          Clothing                                           2023        4            12          35-44     2050.00                                 8                    3                    1                    5                    2
131         Clothing                                           2023        1            2           35-44     2000.00                                 9                    1                    1                    6                    3
36          Clothing                                           2023        2            4           35-44     2000.00                                 9                    1                    1                    6                    3
109         Clothing                                           2022        3            9           35-44     2000.00                                 3                    1                    1                    6                    3
114         Clothing                                           2022        3            9           35-44     2000.00                                 3                    1                    1                    6                    3
148         Beauty                                             2022        1            1           35-44     2000.00                                 3                    1                    1                    4                    3
61          Electronics                                        2022        3            9           35-44     2000.00                                 3                    1                    1                    3                    3
83          Electronics                                        2022        1            2           35-44     2000.00                                 3                    1                    1                    3                    3
37          Electronics                                        2022        1            3           35-44     2000.00                                 3                    1                    1                    3                    3
94          Electronics                                        2022        1            3           35-44     2000.00                                 3                    1                    1                    3                    3
18          Electronics                                        2022        4            11          35-44     2000.00                                 3                    2                    1                    3                    3
75          Electronics                                        2022        3            7           35-44     2000.00                                 3                    1                    1                    3                    3
66          Clothing                                           2022        3            9           45-54     2000.00                                 3                    1                    1                    6                    2
81          Beauty                                             2022        1            3           45-54     2000.00                                 3                    1                    1                    4                    2
67          Beauty                                             2022        4            10          45-54     2000.00                                 3                    2                    1                    4                    2
106         Beauty                                             2022        4            11          45-54     2000.00                                 3                    2                    1                    4                    2
63          Beauty                                             2023        4            10          45-54     2000.00                                 9                    4                    1                    4                    2
76          Electronics                                        2023        4            10          45-54     2000.00                                 9                    4                    1                    3                    2
55          Electronics                                        2022        3            8           45-54     2000.00                                 3                    1                    1                    3                    2
34          Clothing                                           2022        3            7           55-64     2000.00                                 3                    1                    1                    6                    4
142         Clothing                                           2022        3            8           55-64     2000.00                                 3                    1                    1                    6                    4
3           Clothing                                           2022        4            11          55-64     2000.00                                 3                    2                    1                    6                    4
153         Clothing                                           2022        4            11          55-64     2000.00                                 3                    2                    1                    6                    4
108         Electronics                                        2023        4            10          55-64     2000.00                                 9                    4                    1                    3                    4
5           Electronics                                        2023        2            5           55-64     2000.00                                 9                    1                    1                    3                    4
2           Electronics                                        2023        2            5           55-64     2000.00                                 9                    1                    1                    3                    4
98          Electronics                                        2022        2            5           55-64     2000.00                                 3                    2                    1                    3                    4
68          Electronics                                        2022        4            10          55-64     2000.00                                 3                    2                    1                    3                    4
65          Clothing                                           2022        4            10          25-34     2000.00                                 3                    2                    1                    6                    2
19          Clothing                                           2022        4            10          25-34     2000.00                                 3                    2                    1                    6                    2
71          Clothing                                           2022        1            1           25-34     2000.00                                 3                    1                    1                    6                    2
83          Clothing                                           2023        4            10          25-34     2000.00                                 9                    4                    1                    6                    2
47          Beauty                                             2022        4            10          25-34     2000.00                                 3                    2                    1                    4                    2
55          Beauty                                             2022        3            8           25-34     2000.00                                 3                    1                    1                    4                    2
109         Beauty                                             2023        1            2           25-34     2000.00                                 9                    1                    1                    4                    2
4           Beauty                                             2023        1            3           25-34     2000.00                                 9                    1                    1                    4                    2
32          Clothing                                           2023        1            1           25-34     2000.00                                 9                    1                    1                    6                    2
1           Clothing                                           2023        2            6           25-34     2000.00                                 9                    1                    1                    6                    2
87          Clothing                                           2022        3            9           25-34     2000.00                                 3                    1                    1                    6                    2
130         Clothing                                           2022        4            11          25-34     2000.00                                 3                    2                    1                    6                    2
3           Electronics                                        2023        1            3           25-34     2000.00                                 9                    1                    1                    3                    2
1           Electronics                                        2023        4            10          25-34     2000.00                                 9                    4                    1                    3                    2
3           Electronics                                        2023        1            1           25-34     2000.00                                 9                    1                    1                    3                    2
56          Beauty                                             2023        4            10          18-24     2000.00                                 9                    4                    1                    4                    4
45          Beauty                                             2022        2            4           18-24     2000.00                                 3                    2                    1                    4                    4
137         Beauty                                             2022        2            5           18-24     2000.00                                 3                    2                    1                    4                    4
29          Beauty                                             2022        2            5           18-24     2000.00                                 3                    2                    1                    4                    4
37          Beauty                                             2023        2            4           18-24     2000.00                                 9                    1                    1                    4                    4
145         Beauty                                             2022        3            9           18-24     2000.00                                 3                    1                    1                    4                    4
67          Beauty                                             2022        4            10          18-24     2000.00                                 3                    2                    1                    4                    4
115         Clothing                                           2023        4            10          18-24     2000.00                                 9                    4                    1                    6                    4
138         Clothing                                           2022        2            4           18-24     2000.00                                 3                    2                    1                    6                    4
28          Clothing                                           2022        1            1           18-24     2000.00                                 3                    1                    1                    6                    4
65          Clothing                                           2022        4            10          18-24     2000.00                                 3                    2                    1                    6                    4
4           Electronics                                        2023        1            2           18-24     2000.00                                 9                    1                    1                    3                    4
30          Electronics                                        2022        3            9           18-24     2000.00                                 3                    1                    1                    3                    4
75          Electronics                                        2022        4            10          18-24     2000.00                                 3                    2                    1                    3                    4

(64 rows affected)


Completion time: 2024-10-07T20:57:35.1602674+05:30
